2026-08-20,3,18,19,25,27,48,40
2026-08-17,9,16,22,24,33,47,8
2026-08-13,4,11,22,32,40,49,37
2026-08-10,3,6,17,32,33,39,7
2026-08-07,5,7,30,33,36,46,44
2026-08-03,9,29,30,35,36,40,11
2026-07-30,4,7,16,23,30,32,8
2026-07-27,22,23,30,36,44,48,28
2026-07-23,8,11,17,21,37,48,35
2026-07-20,1,8,11,14,33,43,44
2026-07-16,6,27,28,41,43,44,19
2026-07-13,14,22,32,33,36,46,42
2026-07-09,23,27,31,38,42,47,29
2026-07-06,8,25,34,37,39,46,44
2026-07-02,5,7,11,37,46,49,16
2026-06-29,6,11,22,23,31,34,14
2026-06-25,4,21,23,28,31,39,41
2026-06-22,4,11,15,16,21,39,20
2026-06-18,2,7,11,19,20,42,23
2026-06-15,9,16,27,28,32,49,18
2026-06-11,14,16,21,22,35,38,36
2026-06-08,10,15,28,39,40,46,12
2026-06-04,3,5,20,23,26,27,28
2026-06-01,2,19,26,29,33,36,21
2026-05-28,10,13,30,35,38,44,15
2026-05-25,11,12,24,33,38,46,30
2026-05-21,11,18,25,36,39,49,41
2026-05-18,7,18,32,37,41,44,19
2026-05-14,4,8,21,25,43,46,32
2026-05-11,6,10,25,26,34,40,30
2026-05-07,2,3,8,16,20,47,10
2026-05-04,7,18,19,30,36,48,11
2026-04-30,2,6,7,31,35,39,15
2026-04-27,3,11,13,22,28,48,21
2026-04-23,3,5,15,23,37,42,48
2026-04-20,3,5,9,23,43,49,8
2026-04-16,1,3,6,12,21,41,18
2026-04-13,4,8,10,15,16,26,17
2026-04-09,1,2,6,9,44,48,24
2026-04-06,14,23,29,30,39,48,12
2026-04-02,1,7,8,23,30,33,21
2026-03-30,4,12,26,30,46,47,6
2026-03-26,4,7,22,29,33,46,48
2026-03-23,4,25,28,33,43,48,31
2026-03-19,3,27,34,35,38,49,17
2026-03-16,6,14,18,22,35,36,13
2026-03-12,12,25,33,40,43,46,21
2026-03-09,7,13,14,17,40,44,35
2026-03-05,1,5,12,15,22,42,37
2026-03-02,6,8,28,37,41,49,40
2026-02-27,5,9,20,23,45,46,7
2026-02-23,24,26,30,32,37,47,2
2026-02-19,8,16,17,34,38,48,25
2026-02-16,13,24,28,34,37,44,29
2026-02-13,10,15,25,43,45,49,4
2026-02-09,10,15,29,31,33,49,30
2026-02-05,6,18,24,26,36,48,5
2026-02-02,4,19,40,41,46,47,20
2026-01-29,11,13,16,31,42,48,21
2026-01-26,10,11,13,26,32,39,44
2026-01-22,6,22,27,32,37,44,19
2026-01-19,4,11,21,23,31,35,48
2026-01-15,16,32,34,35,36,41,14
2026-01-12,1,9,16,18,35,43,12
2026-01-08,3,14,15,17,25,27,31
2026-01-05,5,20,35,39,40,49,27
2026-01-02,11,18,20,32,38,39,34
2025-12-29,2,4,22,24,30,33,49
2025-12-25,3,8,15,28,37,43,49
2025-12-22,4,5,13,22,24,30,36
2025-12-18,2,14,15,30,31,43,27
2025-12-15,17,21,22,35,37,42,9
2025-12-11,6,11,20,28,33,43,16
2025-12-08,9,12,15,23,27,47,45
2025-12-04,1,5,24,36,41,46,39
2025-12-01,2,10,24,35,45,49,37
2025-11-27,6,8,17,28,32,46,16
2025-11-24,8,25,27,34,45,47,19
2025-11-20,11,13,22,31,47,49,39
2025-11-17,3,9,12,18,19,34,24
2025-11-13,6,13,18,22,34,35,40
2025-11-10,2,11,12,19,25,36,16
2025-11-06,3,20,24,29,32,44,46
2025-11-03,10,19,22,34,39,43,35
2025-10-30,1,5,31,34,38,45,21
2025-10-27,4,12,14,24,36,38,17
2025-10-23,7,14,17,18,31,38,46
2025-10-20,3,10,13,15,32,37,8
2025-10-16,2,4,8,19,35,39,7
2025-10-13,5,31,33,34,38,46,39
2025-10-09,13,14,19,22,31,42,41
2025-10-06,10,15,22,31,42,48,4
2025-10-02,19,22,26,37,40,46,14
2025-09-29,15,16,22,34,35,43,26
2025-09-25,1,6,9,11,29,36,12
2025-09-22,8,15,22,24,43,47,44
2025-09-18,6,8,9,20,45,49,21
2025-09-15,10,19,25,29,33,37,24
2025-09-11,2,15,19,35,41,48,33
2025-09-08,1,3,33,38,39,42,31
2025-09-04,8,12,21,38,40,43,25
2025-09-01,3,4,8,13,14,17,20
2025-08-28,10,11,16,24,34,35,1
2025-08-25,2,3,4,16,22,39,48
2025-08-21,4,13,22,36,38,46,12
2025-08-18,1,4,18,24,37,42,26
2025-08-14,22,25,29,31,34,43,11
2025-08-11,9,24,31,34,43,44,1
2025-08-08,2,15,28,39,42,44,5
2025-08-04,30,32,40,43,45,49,5
2025-07-31,7,19,20,21,22,29,37
2025-07-28,2,14,16,21,36,47,1
2025-07-24,9,11,24,32,39,49,26
2025-07-21,2,5,10,12,14,37,17
2025-07-17,7,8,17,29,32,42,1
2025-07-14,2,8,19,29,38,41,20
2025-07-10,12,21,26,27,35,44,10
2025-07-07,10,15,17,33,36,45,34
2025-07-03,6,15,16,17,25,34,31
2025-06-30,11,27,31,33,34,36,13
2025-06-26,10,26,28,35,37,46,20
2025-06-23,2,15,29,37,45,49,24
2025-06-19,1,10,37,40,45,47,19
2025-06-16,5,18,27,32,48,49,21
2025-06-12,3,7,38,41,44,49,20
2025-06-09,7,10,11,21,32,48,27
2025-06-05,2,5,25,26,29,30,42
2025-06-02,10,19,21,22,28,31,34
2025-05-29,1,5,7,11,19,47,44
2025-05-26,5,9,15,28,46,48,8
2025-05-22,3,10,32,34,44,48,29
2025-05-19,2,15,17,18,39,45,26
2025-05-15,9,16,17,20,34,38,18
2025-05-12,6,16,20,23,40,48,45
2025-05-08,9,13,17,39,46,47,22
2025-05-05,5,8,28,38,40,43,39
2025-05-01,2,8,12,30,35,49,38
2025-04-28,3,8,12,18,24,41,11
2025-04-24,17,19,21,23,30,40,33
2025-04-21,1,17,30,37,41,43,32
2025-04-17,15,17,26,31,40,46,19
2025-04-14,6,14,29,30,35,42,25
2025-04-10,14,26,27,30,46,48,10
2025-04-07,7,19,35,40,43,47,33
2025-04-03,12,14,15,16,21,40,23
2025-03-31,9,12,17,23,29,46,20
2025-03-27,21,22,27,35,40,42,3
2025-03-24,18,19,25,28,31,44,34
2025-03-20,9,10,11,13,23,42,20
2025-03-17,7,30,39,42,43,48,33
2025-03-13,16,26,34,36,42,49,41
2025-03-10,5,7,32,38,42,47,27
2025-03-06,19,33,35,38,46,49,39
2025-03-03,4,16,24,25,43,49,46
2025-02-27,2,10,13,15,37,40,28
2025-02-24,24,37,38,42,48,49,31
2025-02-20,3,25,31,37,39,42,21
2025-02-17,1,16,23,39,41,42,9
2025-02-13,5,8,13,28,30,49,17
2025-02-10,1,3,7,18,34,39,46
2025-02-07,16,18,22,23,28,35,32
2025-02-03,1,12,29,31,41,48,25
2025-01-30,2,9,13,24,26,43,49
2025-01-27,7,16,22,26,33,43,44
2025-01-24,9,10,18,35,43,49,42
2025-01-20,3,5,6,16,32,49,4
2025-01-16,6,13,18,27,35,46,48
2025-01-13,3,7,11,13,34,35,17
2025-01-09,13,32,34,36,38,40,37
2025-01-06,6,10,13,27,41,49,4
2025-01-03,9,11,24,29,39,46,31
2024-12-30,3,10,13,29,32,46,18
2024-12-26,8,21,30,35,44,49,39
2024-12-23,34,40,42,44,45,46,19
2024-12-19,3,9,10,20,23,32,42
2024-12-16,13,19,22,26,40,49,45
2024-12-12,17,18,19,31,32,33,8
2024-12-09,1,4,8,10,16,46,23
2024-12-05,8,14,15,20,31,49,13
2024-12-02,10,11,12,21,41,49,44
2024-11-28,1,2,4,15,18,24,35
2024-11-25,26,28,31,38,41,42,23
2024-11-21,4,7,11,14,21,28,36
2024-11-18,1,2,14,36,44,46,20
2024-11-14,12,16,29,36,39,40,37
2024-11-11,13,28,39,43,46,48,30
2024-11-07,4,12,17,18,23,34,28
2024-11-04,14,18,25,28,29,44,36
2024-10-31,2,6,10,17,18,49,35
2024-10-28,10,16,33,37,45,47,6
2024-10-24,20,24,28,37,46,47,36
2024-10-21,4,13,19,44,46,49,31
2024-10-17,2,4,10,25,36,38,22
2024-10-14,12,33,39,42,43,48,10
2024-10-10,1,17,24,25,27,39,30
2024-10-07,16,22,23,31,41,49,8
2024-10-03,2,9,15,17,40,48,28
2024-09-30,4,33,34,38,40,43,15
2024-09-26,17,23,26,31,38,40,14
2024-09-23,9,20,22,32,37,47,1
2024-09-19,7,13,17,22,31,37,1
2024-09-16,2,8,15,19,33,38,21
2024-09-12,5,6,14,36,45,49,12
2024-09-09,1,4,10,16,18,29,6
2024-09-05,1,13,27,38,40,43,2
2024-09-02,6,7,13,30,37,39,16
2024-08-29,3,9,10,12,27,41,29
2024-08-26,6,8,18,34,35,37,33
2024-08-22,2,5,8,43,45,48,41
2024-08-19,2,3,16,26,29,41,12
2024-08-15,15,24,35,36,42,46,48
2024-08-12,2,8,27,33,34,43,11
2024-08-08,23,26,32,36,41,49,31
2024-08-05,1,12,15,30,42,43,22
2024-08-02,14,16,22,23,36,42,21
2024-07-29,19,24,29,30,31,46,28
2024-07-25,14,21,34,35,43,49,33
2024-07-22,4,9,12,15,37,47,44
2024-07-18,8,10,11,12,14,20,38
2024-07-15,4,6,17,32,37,41,10
2024-07-11,15,17,22,32,34,40,6
2024-07-08,15,18,29,34,38,44,35
2024-07-04,4,9,12,15,31,44,33
2024-07-01,11,19,21,26,28,33,39
2024-06-27,1,8,11,14,17,30,5
2024-06-24,20,23,28,30,34,49,25
2024-06-20,3,12,14,16,17,30,27
2024-06-17,8,10,12,16,17,30,19
2024-06-13,4,7,10,17,30,41,21
2024-06-10,1,10,13,23,31,34,43
2024-06-06,4,5,10,14,35,43,12
2024-06-03,1,28,30,32,33,39,11
2024-05-30,6,9,11,17,28,45,21
2024-05-27,14,23,28,34,41,48,17
2024-05-23,3,4,22,27,39,43,6
2024-05-20,7,10,32,33,39,48,37
2024-05-16,2,12,15,28,35,48,24
2024-05-13,2,16,17,22,24,49,42
2024-05-09,9,15,20,26,43,49,36
2024-05-06,1,5,9,31,33,37,36
2024-05-02,4,5,31,37,43,46,7
2024-04-29,2,7,12,31,36,45,30
2024-04-25,5,9,11,18,28,36,35
2024-04-22,6,8,11,16,33,37,23
2024-04-18,18,22,29,32,37,47,49
2024-04-15,5,10,28,36,41,42,19
2024-04-11,22,28,33,40,43,47,16
2024-04-08,12,23,24,34,43,46,42
2024-04-04,3,4,13,31,36,43,19
2024-04-01,3,12,18,19,27,41,15
2024-03-28,6,8,13,17,26,37,18
2024-03-25,4,23,25,27,28,32,21
2024-03-21,6,8,18,19,33,44,15
2024-03-18,1,4,6,15,30,48,45
2024-03-14,8,26,34,35,45,46,36
2024-03-11,5,9,30,37,40,49,33
2024-03-07,5,11,15,20,31,47,44
2024-03-04,13,17,25,27,28,44,3
2024-02-29,1,14,28,44,45,49,16
2024-02-26,2,8,14,27,39,42,10
2024-02-23,18,21,26,35,38,43,40
2024-02-19,1,10,21,29,35,42,27
2024-02-15,15,18,22,35,41,48,5
2024-02-12,9,16,20,25,31,39,41
2024-02-08,6,16,21,27,31,37,49
2024-02-05,14,17,20,25,28,37,13
2024-02-02,2,27,29,36,44,48,12
2024-01-29,20,22,24,28,40,49,27
2024-01-25,10,18,44,45,48,49,20
2024-01-22,1,3,8,13,40,48,6
2024-01-18,5,28,30,37,38,41,43
2024-01-15,24,25,26,28,30,35,4
2024-01-11,2,9,10,43,45,46,13
2024-01-08,11,20,28,30,36,38,37
2024-01-05,7,12,17,20,31,35,22
2024-01-01,8,16,23,24,36,48,5
2023-12-28,13,17,18,24,37,41,15
2023-12-25,11,12,19,23,25,41,47
2023-12-21,7,8,24,25,29,40,18
2023-12-18,12,15,16,23,24,38,44
2023-12-14,22,32,34,39,40,42,5
2023-12-11,9,12,21,22,44,47,31
2023-12-07,10,16,25,29,42,44,48
2023-12-04,6,18,26,31,37,38,22
2023-11-30,3,32,34,38,41,42,17
2023-11-27,16,19,20,26,33,40,23
2023-11-23,2,24,30,37,43,45,35
2023-11-20,12,13,18,22,25,28,47
2023-11-16,10,13,15,28,29,37,22
2023-11-13,6,10,16,24,27,43,31
2023-11-09,2,3,11,17,35,40,45
2023-11-06,11,20,22,28,32,37,4
2023-11-02,3,12,22,29,35,42,49
2023-10-30,12,24,26,32,34,38,28
2023-10-26,1,6,17,19,34,45,48
2023-10-23,2,3,13,15,34,37,8
2023-10-19,1,7,16,20,35,41,6
2023-10-16,21,27,30,38,40,44,6
2023-10-12,14,15,26,35,44,46,43
2023-10-09,1,5,9,25,44,49,43
2023-10-05,4,7,9,38,41,42,16
2023-10-02,2,10,12,13,45,48,11
2023-09-28,3,13,23,28,37,38,9
2023-09-25,3,14,19,23,28,43,25
2023-09-21,2,8,28,31,48,49,37
2023-09-18,4,7,27,32,37,49,44
2023-09-14,14,18,24,26,37,45,28
2023-09-11,1,20,21,27,38,48,17
2023-09-07,17,19,24,26,31,46,37
2023-09-04,1,4,12,33,45,48,35
2023-08-31,14,29,31,39,40,48,47
2023-08-28,1,3,7,12,15,32,34
2023-08-24,1,13,26,34,37,41,9
2023-08-21,1,18,21,28,31,41,11
2023-08-17,4,8,32,33,45,47,12
2023-08-14,5,22,31,32,41,49,14
2023-08-10,3,6,16,29,37,45,12
2023-08-07,5,15,18,31,41,49,16
2023-08-04,19,25,27,28,29,48,34
2023-07-31,2,23,29,35,39,45,6
2023-07-27,8,10,21,27,34,36,2
2023-07-24,1,5,18,20,38,44,45
2023-07-20,10,20,26,39,44,46,3
2023-07-17,18,25,27,32,35,39,48
2023-07-13,4,12,14,20,21,22,10
2023-07-10,2,8,30,33,39,41,24
2023-07-06,13,16,28,34,38,40,47
2023-07-03,14,30,34,40,45,49,12
2023-06-29,5,15,16,30,37,46,49
2023-06-26,4,5,17,28,39,44,31
2023-06-22,3,9,28,32,37,46,7
2023-06-19,2,25,28,30,32,46,48
2023-06-15,6,15,17,42,46,49,20
2023-06-12,2,22,28,33,34,36,7
2023-06-08,6,21,31,32,35,48,19
2023-06-05,5,16,26,28,32,34,24
2023-06-01,7,15,33,40,45,49,5
2023-05-29,5,13,30,34,36,48,20
2023-05-25,4,15,17,35,42,48,45
2023-05-22,1,4,7,8,34,44,12
2023-05-18,7,13,18,19,25,29,36
2023-05-15,7,33,36,40,41,42,30
2023-05-11,1,11,26,38,41,44,6
2023-05-08,1,3,6,11,23,34,39
2023-05-04,16,21,25,28,37,44,24
2023-05-01,22,26,29,30,48,49,46
2023-04-27,4,9,30,32,40,49,16
2023-04-24,5,6,25,32,36,49,21
2023-04-20,11,14,21,30,37,40,20
2023-04-17,9,11,17,22,31,43,34
2023-04-13,11,21,30,31,33,38,24
2023-04-10,8,10,12,25,32,38,20
2023-04-06,6,7,31,42,46,47,27
2023-04-03,13,27,28,42,44,45,1
2023-03-30,12,26,34,39,41,49,16
2023-03-27,1,4,17,28,43,45,29
2023-03-23,14,21,26,29,37,40,7
2023-03-20,7,8,15,27,34,38,37
2023-03-16,4,14,30,33,37,42,22
2023-03-13,1,3,15,18,23,48,41
2023-03-09,1,10,30,31,38,45,11
2023-03-06,21,30,35,36,37,45,1
2023-03-02,15,22,24,26,29,36,28
2023-02-27,6,26,32,39,44,48,11
2023-02-23,2,5,19,24,34,44,37
2023-02-20,4,9,21,22,25,41,18
2023-02-16,3,10,16,24,42,46,25
2023-02-13,5,12,23,28,31,39,37
2023-02-09,18,20,27,37,43,47,10
2023-02-06,6,10,15,19,20,30,5
2023-02-03,4,6,21,25,34,40,48
2023-01-30,13,23,25,26,44,45,38
2023-01-26,2,21,34,40,43,45,13
2023-01-23,22,30,31,39,43,49,3
2023-01-20,15,29,35,47,48,49,10
2023-01-16,15,22,23,36,40,42,20
2023-01-12,2,6,8,28,31,37,48
2023-01-09,1,3,13,15,22,43,46
2023-01-06,12,22,30,32,42,49,8
2023-01-02,1,13,15,32,41,47,11
2022-12-29,12,18,25,28,30,36,48
2022-12-26,3,10,31,32,44,47,41
2022-12-22,4,11,13,16,32,46,9
2022-12-19,8,14,24,26,45,46,42
2022-12-15,4,12,17,19,24,44,20
2022-12-12,3,7,22,27,44,49,13
2022-12-08,1,6,21,35,37,46,33
2022-12-05,5,6,7,25,28,35,8
2022-12-01,3,12,20,39,40,47,18
2022-11-28,7,16,17,28,37,48,14
2022-11-24,3,8,11,21,24,31,25
2022-11-21,3,9,21,30,36,46,2
2022-11-17,1,10,16,23,38,49,25
2022-11-14,8,15,22,26,34,45,32
2022-11-10,10,23,28,35,39,46,6
2022-11-07,10,14,33,37,39,45,28
2022-11-03,13,21,24,25,26,41,11
2022-10-31,4,14,17,25,29,49,36
2022-10-27,13,16,25,41,45,46,20
2022-10-24,7,11,17,21,41,43,30
2022-10-20,2,9,19,27,33,37,21
2022-10-17,1,8,16,24,38,43,15
2022-10-13,2,4,8,17,22,40,6
2022-10-10,8,10,18,26,42,47,49
2022-10-06,10,19,20,22,26,46,4
2022-10-03,7,16,20,29,33,42,39
2022-09-29,27,29,31,44,46,49,42
2022-09-26,6,19,24,34,43,46,21
2022-09-22,3,11,19,26,43,49,37
2022-09-19,1,5,14,23,40,45,16
2022-09-15,13,15,27,29,38,45,40
2022-09-12,8,15,21,22,39,43,44
2022-09-08,1,8,11,12,22,46,35
2022-09-05,4,9,13,18,34,47,3
2022-09-01,1,18,28,42,43,48,45
2022-08-29,4,8,9,15,22,31,13
2022-08-25,3,5,13,23,24,48,10
2022-08-22,5,20,23,36,42,44,47
2022-08-18,2,4,12,18,28,43,38
2022-08-15,7,22,29,34,38,41,35
2022-08-11,10,12,16,18,32,44,22
2022-08-08,2,9,33,34,37,49,29
2022-08-05,14,18,24,37,43,45,8
2022-08-01,3,10,12,29,45,47,26
2022-07-28,1,2,25,33,36,40,7
2022-07-25,2,6,29,30,31,44,40
2022-07-21,4,15,31,42,43,47,39
2022-07-18,3,20,36,41,43,47,9
2022-07-14,8,10,15,36,39,44,9
2022-07-11,1,6,13,25,34,43,42
2022-07-07,16,17,20,33,39,49,7
2022-07-04,2,3,9,27,28,38,15
2022-06-30,2,15,17,27,41,48,38
2022-06-27,21,24,27,32,34,38,41
2022-06-23,24,27,32,38,46,49,11
2022-06-20,20,25,28,33,40,49,1
2022-06-16,2,7,16,18,24,45,36
2022-06-13,3,5,12,16,30,45,49
2022-06-09,7,14,15,16,17,38,44
2022-06-06,12,28,29,34,41,47,16
2022-06-02,12,19,26,28,46,49,41
2022-05-30,8,13,19,34,37,47,29
2022-05-26,6,11,30,34,43,45,2
2022-05-23,7,10,16,21,27,35,22
2022-05-19,5,8,13,20,21,46,31
2022-05-16,21,22,40,41,42,46,9
2022-05-12,15,20,36,38,41,46,10
2022-05-09,5,12,15,21,30,39,6
2022-05-05,7,13,35,39,41,45,1
2022-05-02,12,14,23,32,35,38,13
2022-04-28,5,6,11,16,22,37,44
2022-04-25,6,16,26,32,39,47,23
2022-04-21,13,16,19,32,38,43,20
2022-04-18,12,20,33,39,42,48,49
2022-04-14,4,6,23,26,29,30,36
2022-04-11,2,12,18,27,36,49,6
2022-04-07,1,7,10,28,31,44,9
2022-04-04,14,15,28,31,40,42,44
2022-03-31,1,4,10,22,24,45,47
2022-03-28,5,9,10,12,39,44,14
2022-03-24,3,12,15,22,34,45,2
2022-03-21,1,20,22,23,24,31,2
2022-03-17,5,7,30,42,47,49,17
2022-03-14,19,37,38,45,47,49,25
2022-03-10,1,8,25,32,45,46,44
2022-03-07,19,22,24,28,29,42,40
2022-03-03,8,13,24,30,40,44,45
2022-02-28,1,9,20,27,37,49,33
2022-02-24,4,11,15,25,41,48,14
2022-02-21,1,19,22,27,37,44,25
2022-02-17,1,4,19,35,37,45,49
2022-02-14,10,23,29,33,37,43,8
2022-02-11,9,13,14,16,18,28,10
2022-02-07,1,11,17,28,32,35,44
2022-02-03,15,28,31,32,44,49,18
2022-01-31,5,6,10,22,23,40,38
2022-01-27,7,21,27,30,32,34,39
2022-01-24,1,8,10,31,32,38,39
2022-01-21,2,4,11,13,28,38,49
2022-01-17,4,13,26,31,33,35,29
2022-01-13,3,6,18,20,26,35,34
2022-01-10,8,11,17,21,30,44,48
2022-01-07,3,8,11,20,44,49,32
2022-01-03,6,12,20,33,46,47,49
2021-12-30,4,7,12,13,21,35,29
2021-12-27,3,9,13,23,24,44,7
2021-12-23,1,21,35,39,44,45,42
2021-12-20,4,5,16,18,24,34,27
2021-12-16,6,26,27,37,40,43,49
2021-12-13,5,18,19,23,40,49,20
2021-12-09,1,17,30,31,42,43,46
2021-12-06,7,16,33,37,42,43,48
2021-12-02,6,12,22,23,40,49,25
2021-11-29,1,7,12,26,28,32,21
2021-11-25,6,20,27,32,40,44,4
2021-11-22,1,3,16,20,35,41,5
2021-11-18,1,10,39,43,45,48,14
2021-11-15,23,27,31,34,43,48,1
2021-11-11,5,7,12,35,48,49,2
2021-11-08,7,8,20,31,35,41,3
2021-11-04,7,18,22,36,44,45,30
2021-11-01,7,15,22,24,26,37,9
2021-10-28,3,20,27,34,35,46,37
2021-10-25,4,18,24,40,43,47,48
2021-10-21,7,22,23,25,42,43,18
2021-10-18,5,23,24,27,44,49,26
2021-10-14,10,15,16,24,45,47,19
2021-10-11,10,26,27,36,37,43,42
2021-10-07,1,27,28,39,40,49,33
2021-10-04,10,14,28,30,35,40,6
2021-09-30,5,8,14,26,30,44,47
2021-09-27,20,28,33,38,40,44,49
2021-09-23,9,35,41,42,43,44,29
2021-09-20,3,6,10,16,33,49,1
2021-09-16,9,10,15,30,38,48,2
2021-09-13,6,25,26,41,42,44,37
2021-09-09,5,19,30,33,37,42,38
2021-09-06,1,15,31,32,33,44,20
2021-09-02,3,4,6,10,19,42,34
2021-08-30,19,23,24,27,36,37,17
2021-08-26,5,18,24,37,38,49,35
2021-08-23,5,17,26,27,31,48,4
2021-08-19,1,3,9,39,40,47,29
2021-08-16,10,21,28,31,37,38,6
2021-08-12,2,20,25,29,32,49,36
2021-08-09,15,24,33,34,36,40,18
2021-08-05,3,17,19,23,32,38,7
2021-08-02,12,16,23,26,33,44,10
2021-07-29,1,7,22,33,40,48,10
2021-07-26,3,8,30,34,39,46,44
2021-07-22,1,21,26,38,44,45,17
2021-07-19,4,10,21,33,42,44,19
2021-07-15,3,5,9,14,23,26,20
2021-07-12,18,19,23,24,38,45,27
2021-07-08,7,9,15,20,23,40,2
2021-07-05,8,14,20,28,29,36,18
2021-07-01,4,5,9,17,31,34,8
2021-06-28,14,31,32,33,38,47,45
2021-06-24,1,12,17,21,24,44,23
2021-06-21,7,8,10,14,17,28,45
2021-06-17,5,12,15,30,38,43,33
2021-06-14,5,16,23,24,28,45,40
2021-06-10,1,9,15,22,24,42,10
2021-06-07,7,14,23,31,39,41,33
2021-06-03,1,7,21,26,30,39,40
2021-05-31,14,15,18,19,30,44,6
2021-05-27,3,7,9,24,36,38,43
2021-05-24,11,18,23,31,32,33,49
2021-05-20,7,12,18,29,32,37,44
2021-05-17,5,6,11,36,41,46,8
2021-05-13,2,4,5,16,39,47,24
2021-05-10,6,18,32,33,34,45,8
2021-05-06,4,6,12,20,31,35,47
2021-05-03,15,17,18,35,41,42,3
2021-04-29,2,19,22,29,36,43,5
2021-04-26,2,15,18,36,42,49,26
2021-04-22,3,17,22,32,38,48,41
2021-04-19,8,10,16,17,20,43,32
2021-04-15,10,14,23,25,35,46,39
2021-04-12,4,23,27,43,48,49,47
2021-04-08,7,8,9,14,28,35,4
2021-04-05,9,11,15,17,25,40,5
2021-04-01,10,11,15,21,29,44,26
2021-03-29,14,15,20,23,30,35,39
2021-03-25,4,16,17,20,22,44,38
2021-03-22,2,12,20,35,37,44,17
2021-03-18,2,5,12,24,25,29,3
2021-03-15,12,15,19,28,35,43,44
2021-03-11,12,19,26,41,46,47,35
2021-03-08,8,13,17,27,33,40,38
2021-03-04,11,12,20,28,30,38,27
2021-03-01,5,6,7,13,25,37,30
2021-02-26,21,24,40,42,44,48,1
2021-02-22,3,6,8,11,36,48,1
2021-02-18,1,4,6,15,40,44,37
2021-02-15,9,13,18,20,34,40,36
2021-02-11,10,23,25,28,46,49,36
2021-02-08,9,10,25,27,34,42,29
2021-02-05,8,9,11,24,26,47,34
2021-02-01,4,6,9,18,27,39,33
2021-01-28,6,16,25,32,35,37,22
2021-01-25,8,9,12,17,33,39,48
2021-01-21,8,11,15,17,19,35,45
2021-01-18,2,12,23,33,35,37,43
2021-01-14,12,21,23,25,32,44,42
2021-01-11,3,5,8,19,26,47,41
2021-01-07,1,7,9,12,32,36,17
2021-01-04,4,5,8,12,27,42,14
2021-01-01,5,8,13,16,35,47,2
2020-12-28,32,34,40,45,46,47,25
2020-12-24,5,11,19,21,22,37,26
2020-12-21,4,8,15,31,36,39,47
2020-12-17,5,8,27,33,35,41,30
2020-12-14,6,21,29,45,47,48,15
2020-12-10,10,17,22,23,27,33,34
2020-12-07,7,13,14,33,37,48,24
2020-12-03,1,7,8,11,36,40,31
2020-11-30,2,3,25,33,35,49,10
2020-11-26,2,5,8,27,35,48,29
2020-11-23,1,7,11,22,30,45,48
2020-11-19,3,12,22,23,34,42,49
2020-11-16,1,2,20,27,36,44,17
2020-11-12,9,11,14,22,26,35,20
2020-11-09,8,12,13,30,37,46,36
2020-11-05,3,19,25,33,40,44,37
2020-11-02,3,36,37,44,48,49,35
2020-10-29,10,12,27,37,39,46,13
2020-10-26,2,8,11,19,41,49,27
2020-10-22,11,25,28,30,34,36,24
2020-10-19,9,10,11,13,20,25,15
2020-10-15,14,27,28,31,46,48,7
2020-10-12,1,10,14,40,41,48,30
2020-10-08,2,3,7,12,21,34,41
2020-10-05,7,10,14,15,39,44,1
2020-10-01,7,10,11,21,26,48,13
2020-09-28,5,16,27,34,41,42,49
2020-09-24,4,31,36,40,45,48,26
2020-09-21,13,16,17,20,27,38,26
2020-09-17,1,3,9,19,36,39,5
2020-09-14,2,11,13,15,28,45,36
2020-09-10,15,21,27,36,39,43,45
2020-09-07,9,11,19,22,36,45,23
2020-09-03,4,16,27,32,44,47,9
2020-08-31,12,15,16,23,25,46,47
2020-08-27,2,10,13,32,41,43,24
2020-08-24,1,19,24,26,37,41,22
2020-08-20,6,15,19,26,30,48,41
2020-08-17,1,2,15,30,35,46,38
2020-08-13,5,9,29,41,42,43,28
2020-08-10,9,19,20,29,36,43,38
2020-08-06,10,28,35,39,41,43,44
2020-08-03,1,3,10,15,32,40,7
2020-07-30,18,24,34,38,43,48,8
2020-07-27,4,19,25,31,34,37,32
2020-07-23,4,12,13,20,35,36,18
2020-07-20,1,20,23,24,40,42,48
2020-07-16,5,18,27,28,29,37,21
2020-07-13,6,22,34,35,37,43,33
2020-07-09,8,10,12,16,21,48,41
2020-07-06,1,22,26,38,39,48,40
2020-07-02,3,20,36,38,43,48,16
2020-06-29,3,9,17,38,39,41,13
2020-06-25,23,37,42,43,47,49,34
2020-04-02,4,11,14,23,28,47,24
2020-03-30,1,7,17,29,30,43,31
2020-03-26,7,12,13,19,42,46,29
2020-03-23,10,30,35,39,42,49,18
2020-03-19,8,19,27,33,37,47,18
2020-03-16,2,15,19,40,47,48,27
2020-03-12,1,3,18,34,36,49,16
2020-03-09,4,11,14,22,29,47,6
2020-03-05,12,14,30,37,38,40,42
2020-03-02,11,37,39,41,42,46,43
2020-02-27,10,32,35,36,46,49,40
2020-02-24,11,24,26,29,42,47,25
2020-02-20,7,19,26,31,34,40,6
2020-02-17,17,19,23,30,42,45,13
2020-02-13,5,7,19,23,44,48,45
2020-02-10,8,12,15,17,32,46,20
2020-02-07,10,15,16,21,24,49,2
2020-02-03,6,9,23,34,42,49,22
2020-01-30,7,20,29,41,47,49,28
2020-01-27,3,32,38,43,46,48,34
2020-01-23,9,14,36,38,40,47,30
2020-01-20,11,18,20,22,27,37,39
2020-01-17,1,11,24,28,45,48,23
2020-01-13,2,3,4,13,16,33,14
2020-01-09,12,24,34,38,46,47,28
2020-01-06,2,7,11,15,26,47,33
2020-01-03,13,15,21,23,30,35,25
2019-12-30,3,12,13,35,36,40,33
2019-12-26,8,16,20,24,25,36,13
2019-12-23,1,15,35,41,42,43,28
2019-12-19,19,21,27,36,40,44,2
2019-12-16,4,10,22,23,40,42,7
2019-12-12,2,22,29,33,36,45,20
2019-12-09,21,22,27,30,39,44,46
2019-12-05,2,9,14,26,30,47,34
2019-12-02,1,14,15,25,34,35,36
2019-11-28,6,30,34,45,46,48,32
2019-11-25,3,6,16,35,38,46,23
2019-11-21,1,4,16,18,30,32,37
2019-11-18,1,16,17,20,21,30,29
2019-11-14,2,9,16,21,36,49,31
2019-11-11,3,20,29,30,39,41,6
2019-11-07,5,26,28,30,34,46,42
2019-11-04,3,8,9,38,41,44,34
2019-10-31,13,30,33,36,44,47,14
2019-10-28,5,19,20,27,34,36,24
2019-10-24,14,24,25,29,43,44,7
2019-10-21,5,13,28,38,47,48,40
2019-10-17,2,35,37,42,43,47,44
2019-10-14,4,5,14,25,26,45,29
2019-10-10,4,18,26,32,34,45,33
2019-10-07,12,13,26,36,41,46,5
2019-10-03,1,12,24,45,46,48,29
2019-09-30,10,13,16,38,42,47,11
2019-09-26,9,19,30,34,35,46,49
2019-09-23,9,10,25,29,41,44,43
2019-09-19,14,22,24,31,45,47,29
2019-09-16,9,17,29,32,36,40,30
2019-09-12,7,10,30,33,44,45,46
2019-09-09,10,19,25,36,44,49,27
2019-09-05,17,18,27,42,47,48,37
2019-09-02,1,5,18,20,33,44,48
2019-08-29,6,22,33,40,45,47,49
2019-08-26,7,18,23,40,44,48,35
2019-08-22,1,14,25,28,29,38,31
2019-08-19,2,6,19,20,26,45,30
2019-08-15,3,11,27,29,40,42,1
2019-08-12,33,34,36,37,44,49,16
2019-08-08,1,4,5,22,27,34,41
2019-08-05,4,15,16,20,21,26,18
2019-08-01,3,8,22,30,31,48,42
2019-07-29,4,10,24,32,37,44,31
2019-07-25,4,5,29,30,31,33,41
2019-07-22,7,23,30,34,43,47,2
2019-07-18,14,20,25,28,31,42,9
2019-07-15,4,15,30,35,36,43,24
2019-07-11,6,12,28,43,45,47,16
2019-07-08,9,11,22,23,24,29,49
2019-07-04,7,9,21,34,36,45,27
2019-07-01,5,7,27,30,38,48,15
2019-06-27,1,4,25,36,41,47,26
2019-06-24,8,17,25,32,41,48,21
2019-06-20,8,19,25,26,29,34,7
2019-06-17,6,20,29,36,40,43,10
2019-06-13,1,3,10,14,22,39,24
2019-06-10,10,11,15,17,19,46,4
2019-06-06,21,24,28,31,32,38,4
2019-06-03,3,4,12,19,27,30,31
2019-05-30,4,12,21,30,31,44,3
2019-05-27,5,9,17,21,22,32,34
2019-05-23,12,20,22,31,32,46,38
2019-05-20,7,18,24,46,47,48,10
2019-05-16,5,7,9,15,38,45,29
2019-05-13,2,3,19,21,23,31,1
2019-05-09,5,10,11,18,26,49,4
2019-05-06,5,6,13,26,32,41,18
2019-05-02,10,15,24,35,42,47,11
2019-04-29,4,10,26,31,39,48,19
2019-04-25,1,7,14,15,32,38,39
2019-04-22,12,13,19,23,24,44,14
2019-04-18,6,15,28,33,45,47,43
2019-04-15,8,19,25,34,35,47,30
2019-04-11,5,12,13,17,29,47,4
2019-04-08,9,19,20,24,28,49,36
2019-04-04,4,17,20,21,33,39,27
2019-04-01,7,12,22,30,31,36,2
2019-03-28,2,15,20,26,29,44,43
2019-03-25,6,13,23,26,34,37,15
2019-03-21,2,5,12,13,15,31,36
2019-03-18,2,5,8,17,43,47,25
2019-03-14,2,4,17,21,25,46,44
2019-03-11,6,23,26,27,34,49,32
2019-03-07,1,2,13,29,41,43,34
2019-03-04,1,6,7,16,39,40,12
2019-02-28,20,24,27,39,43,48,8
2019-02-25,9,12,27,28,38,44,10
2019-02-22,5,8,14,16,34,39,23
2019-02-18,25,26,29,31,46,49,21
2019-02-14,2,10,12,20,24,32,31
2019-02-11,9,10,15,33,39,40,41
2019-02-07,5,7,9,11,35,49,31
2019-02-04,6,15,21,30,46,47,34
2019-02-01,5,11,16,17,22,27,10
2019-01-28,6,11,19,33,35,38,45
2019-01-24,3,4,18,32,41,44,34
2019-01-21,7,38,40,45,46,47,21
2019-01-17,5,10,22,30,42,48,13
2019-01-14,10,13,21,27,34,40,41
2019-01-11,1,2,13,18,41,47,46
2019-01-07,1,2,36,39,41,42,37
2019-01-03,12,22,26,37,40,47,33
2018-12-31,8,13,18,28,43,49,6
2018-12-27,9,19,20,30,35,46,23
2018-12-24,3,5,12,17,29,39,31
2018-12-20,7,12,15,30,33,39,48
2018-12-17,15,16,30,32,44,48,46
2018-12-13,3,11,18,23,38,47,7
2018-12-10,4,10,14,26,39,44,48
2018-12-06,5,9,16,18,23,47,19
2018-12-03,5,6,7,29,37,38,23
2018-11-29,4,11,19,25,40,44,1
2018-11-26,16,22,28,31,38,46,33
2018-11-22,11,17,20,21,27,30,33
2018-11-19,2,9,14,36,46,48,5
2018-11-15,21,25,27,36,39,44,18
2018-11-12,4,12,21,34,41,47,33
2018-11-08,8,13,16,26,28,38,46
2018-11-05,3,8,14,28,43,49,26
2018-11-01,6,27,28,41,44,48,15
2018-10-29,2,6,10,20,28,31,30
2018-10-25,7,8,13,15,35,48,30
2018-10-22,5,22,24,40,43,48,2
2018-10-18,5,14,17,31,46,48,47
2018-10-15,1,4,24,32,35,48,20
2018-10-11,1,16,18,24,29,46,35
2018-10-08,17,18,23,39,43,49,2
2018-10-04,5,12,23,32,37,42,43
2018-10-01,11,15,23,24,32,40,43
2018-09-27,2,25,29,33,42,45,20
2018-09-24,6,8,17,24,29,47,34
2018-09-20,5,12,18,30,32,38,22
2018-09-17,16,21,22,24,25,27,1
2018-09-13,6,16,17,40,44,48,34
2018-09-10,2,6,9,15,40,43,18
2018-09-06,2,15,17,20,23,30,45
2018-09-03,4,5,13,18,39,40,3
2018-08-30,3,9,27,29,31,40,46
2018-08-27,5,6,16,24,26,29,38
2018-08-23,2,3,23,30,39,41,19
2018-08-20,9,10,25,38,40,42,2
2018-08-16,22,23,25,32,33,36,20
2018-08-13,1,3,6,16,22,36,17
2018-08-09,13,16,20,23,39,42,28
2018-08-06,7,18,20,27,36,40,15
2018-08-02,1,10,15,27,41,46,35
2018-07-30,8,10,19,20,41,43,7
2018-07-26,1,9,13,17,28,40,37
2018-07-23,2,23,26,28,39,40,12
2018-07-19,13,14,23,35,37,46,45
2018-07-16,4,8,19,24,32,47,22
2018-07-12,4,15,25,32,40,41,10
2018-07-09,6,23,31,38,39,43,33
2018-07-05,8,11,28,30,32,34,39
2018-07-02,12,13,26,33,35,38,23
2018-06-28,2,7,22,27,40,47,48
2018-06-25,2,5,25,38,44,48,9
2018-06-21,4,6,15,24,30,35,46
2018-06-18,11,15,22,23,26,43,25
2018-06-14,4,29,31,35,42,48,1
2018-06-11,16,25,30,37,44,49,34
2018-06-07,12,20,29,31,37,39,42
2018-06-04,20,22,31,37,43,45,27
2018-05-31,11,13,24,26,47,49,33
2018-05-28,5,9,27,28,30,44,2
2018-05-24,11,25,26,34,36,42,16
2018-05-21,8,10,16,30,37,44,17
2018-05-17,7,21,25,29,35,37,13
2018-05-14,17,24,29,45,46,49,5
2018-05-10,4,14,35,38,45,47,13
2018-05-07,2,7,12,15,23,44,34
2018-05-03,14,23,28,30,32,48,8
2018-04-30,7,13,18,21,32,35,14
2018-04-26,5,14,17,25,28,46,39
2018-04-23,1,30,32,36,37,41,16
2018-04-19,18,22,32,35,36,44,38
2018-04-16,14,22,25,27,28,29,1
2018-04-12,1,7,15,27,32,38,45
2018-04-09,18,36,40,41,43,49,28
2018-04-05,3,5,21,30,32,40,34
2018-04-02,3,12,30,39,43,48,20
2018-03-29,11,15,17,21,27,33,10
2018-03-26,6,13,14,27,32,36,29
2018-03-22,5,6,13,21,27,47,42
2018-03-19,3,18,31,39,43,46,29
2018-03-15,9,16,23,25,34,40,47
2018-03-12,9,12,15,16,29,44,2
2018-03-08,2,10,14,24,28,40,21
2018-03-05,6,15,16,30,32,39,19
2018-03-02,24,28,31,37,40,49,29
2018-02-26,4,9,13,15,40,44,48
2018-02-22,4,12,13,15,35,46,21
2018-02-19,10,21,29,34,37,43,28
2018-02-15,16,18,30,31,36,41,1
2018-02-12,12,14,19,23,37,41,3
2018-02-09,8,15,16,23,40,49,18
2018-02-05,25,33,38,40,42,48,27
2018-02-01,4,15,20,22,29,32,8
2018-01-29,7,14,25,32,44,48,19
2018-01-25,1,15,23,25,34,47,2
2018-01-22,1,2,15,29,32,49,11
2018-01-18,2,6,12,17,26,40,44
2018-01-15,1,2,6,28,29,49,17
2018-01-11,22,24,25,40,45,49,3
2018-01-08,6,10,18,36,44,45,46
2018-01-05,3,4,13,19,23,47,5
2018-01-01,3,9,16,34,45,46,49
2017-12-28,1,3,5,16,27,40,26
2017-12-25,6,7,14,17,19,29,46
2017-12-21,1,2,26,27,35,43,23
2017-12-18,2,6,10,19,31,35,34
2017-12-14,1,9,13,33,41,48,21
2017-12-11,5,12,37,39,42,43,15
2017-12-07,9,10,25,37,45,46,40
2017-12-04,4,5,19,38,39,40,26
2017-11-30,17,22,29,36,38,47,46
2017-11-27,7,8,23,30,42,48,38
2017-11-23,11,14,41,46,47,49,48
2017-11-20,9,11,13,18,20,34,27
2017-11-16,11,13,16,27,34,48,30
2017-11-13,3,19,21,35,37,44,26
2017-11-09,22,31,33,41,44,47,24
2017-11-06,2,8,11,15,19,32,47
2017-11-02,7,17,18,30,32,47,39
2017-10-30,8,20,30,43,46,48,18
2017-10-26,3,10,25,32,36,37,6
2017-10-23,2,9,23,35,38,48,20
2017-10-19,2,4,15,20,26,28,24
2017-10-16,6,11,12,34,36,49,3
2017-10-12,6,14,17,21,22,37,15
2017-10-09,6,14,17,40,43,49,48
2017-10-05,9,19,23,36,40,44,20
2017-10-02,2,8,17,18,23,42,1
2017-09-28,11,12,26,27,29,33,10
2017-09-25,7,18,26,34,41,48,8
2017-09-21,9,14,15,28,35,37,2
2017-09-18,3,15,22,24,32,43,35
2017-09-14,12,15,29,36,40,45,16
2017-09-11,7,14,17,18,44,48,2
2017-09-07,13,19,20,21,32,49,27
2017-09-04,10,11,22,36,38,46,13
2017-08-31,3,36,39,40,44,47,14
2017-08-28,1,21,29,35,39,46,8
2017-08-24,11,17,26,30,32,39,33
2017-08-21,4,7,12,18,42,47,41
2017-08-17,11,15,29,39,41,47,25
2017-08-14,2,8,17,22,39,46,6
2017-08-10,1,31,39,45,46,49,34
2017-08-07,5,17,34,40,42,46,22
2017-08-03,14,19,22,27,32,36,40
2017-07-31,11,13,14,16,30,43,47
2017-07-27,14,20,24,33,37,41,18
2017-07-24,2,22,23,32,35,41,7
2017-07-20,8,11,35,39,41,43,13
2017-07-17,9,11,16,20,27,46,39
2017-07-13,24,30,33,34,47,49,12
2017-07-10,11,16,31,35,46,48,41
2017-07-06,2,4,7,26,40,47,35
2017-07-03,5,7,9,27,31,34,40
2017-06-29,2,9,13,16,29,40,46
2017-06-26,14,20,21,23,25,37,15
2017-06-22,4,5,12,20,47,49,25
2017-06-19,1,23,30,34,40,42,14
2017-06-15,20,21,23,37,39,47,31
2017-06-12,9,10,19,21,23,43,15
2017-06-08,5,7,22,25,34,40,1
2017-06-05,15,21,23,24,39,40,18
2017-06-01,9,15,17,22,44,46,2
2017-05-29,13,15,16,27,36,47,24
2017-05-25,3,8,11,32,44,46,12
2017-05-22,21,24,31,34,37,44,45
2017-05-18,4,23,43,44,46,48,16
2017-05-15,8,14,16,23,24,27,5
2017-05-11,8,9,12,18,27,45,13
2017-05-08,5,21,29,30,38,45,1
2017-05-04,4,13,14,36,41,43,45
2017-05-01,8,17,24,29,32,45,14
2017-04-27,4,7,15,31,32,43,37
2017-04-24,2,8,22,31,32,35,36
2017-04-20,2,12,25,28,37,38,22
2017-04-17,12,17,25,28,36,44,3
2017-04-13,7,9,16,27,32,47,36
2017-04-10,13,19,20,23,29,31,48
2017-04-06,10,12,20,27,43,46,26
2017-04-03,1,28,30,32,40,48,31
2017-03-30,28,34,38,39,42,46,24
2017-03-27,1,27,28,40,41,44,36
2017-03-23,5,13,18,25,28,44,16
2017-03-20,6,20,30,41,42,45,35
2017-03-16,2,9,15,19,20,37,29
2017-03-13,6,28,30,35,39,42,33
2017-03-09,2,6,9,17,26,46,13
2017-03-06,16,22,28,36,39,47,3
2017-03-02,8,14,20,35,36,41,38
2017-02-27,22,25,27,29,35,49,31
2017-02-23,7,8,9,28,41,42,29
2017-02-20,2,6,13,17,23,46,3
2017-02-16,8,17,31,43,44,48,46
2017-02-13,7,10,19,23,24,33,3
2017-02-10,2,7,24,27,29,34,21
2017-02-06,9,14,17,25,30,36,44
2017-02-02,11,20,21,29,37,48,23
2017-01-30,21,22,25,27,32,39,6
2017-01-26,8,12,16,19,22,46,6
2017-01-23,5,14,23,28,45,49,39
2017-01-19,5,8,16,44,48,49,32
2017-01-16,2,7,17,21,35,42,16
2017-01-12,3,6,12,25,40,43,42
2017-01-09,8,29,33,34,42,49,21
2017-01-05,7,15,20,33,39,44,43
2017-01-02,1,18,22,35,38,49,30
2016-12-29,2,4,34,36,42,46,15
2016-12-26,8,10,18,25,28,46,23
2016-12-22,3,28,37,38,44,47,46
2016-12-19,10,11,24,27,36,49,43
2016-12-15,4,18,24,39,46,47,10
2016-12-12,2,14,31,36,43,46,39
2016-12-08,6,8,11,24,37,46,23
2016-12-05,5,9,11,19,24,37,36
2016-12-01,3,4,8,19,24,46,12
2016-11-28,2,4,15,24,37,48,6
2016-11-24,2,3,17,19,22,40,20
2016-11-21,4,21,25,40,47,48,49
2016-11-17,1,21,31,36,39,43,38
2016-11-14,8,10,15,31,38,40,19
2016-11-10,17,22,26,34,41,47,42
2016-11-07,1,13,21,41,48,49,22
2016-11-03,1,11,19,26,35,39,14
2016-10-31,14,19,24,32,36,42,35
2016-10-27,3,5,8,21,40,46,30
2016-10-24,2,15,18,24,34,35,48
2016-10-20,5,14,20,23,36,49,30
2016-10-17,3,7,9,27,39,44,48
2016-10-13,16,20,31,32,40,41,13
2016-10-10,3,18,24,30,35,49,44
2016-10-06,6,13,19,25,26,39,35
2016-10-03,6,9,14,27,28,46,2
2016-09-29,1,3,4,24,34,48,29
2016-09-26,6,9,15,27,37,48,24
2016-09-22,8,11,28,34,40,46,48
2016-09-19,14,17,26,31,41,45,30
2016-09-15,2,20,21,25,27,38,28
2016-09-12,3,10,18,22,48,49,41
2016-09-08,4,6,11,13,26,31,17
2016-09-05,3,9,14,21,32,40,7
2016-09-01,3,4,12,15,28,48,8
2016-08-29,11,19,23,32,48,49,34
2016-08-25,5,6,11,25,35,40,44
2016-08-22,1,10,35,36,41,49,48
2016-08-18,2,10,11,21,26,36,18
2016-08-15,3,16,18,31,35,38,29
2016-08-11,13,22,30,32,45,46,29
2016-08-08,4,9,23,26,34,44,21
2016-08-04,1,8,29,31,37,42,23
2016-08-01,6,14,24,36,37,39,27
2016-07-28,4,6,8,15,29,36,9
2016-07-25,6,26,38,40,44,49,16
2016-07-21,2,14,18,27,31,44,26
2016-07-18,8,11,22,35,36,46,43
2016-07-14,2,11,14,16,31,44,19
2016-07-11,7,21,22,30,35,39,19
2016-07-07,4,6,13,15,21,30,49
2016-07-04,11,18,26,27,34,46,22
2016-06-30,11,12,15,16,21,32,47
2016-06-27,1,12,13,14,38,40,34
2016-06-23,1,3,5,8,20,44,22
2016-06-20,4,6,14,18,19,35,42
2016-06-16,5,11,30,36,44,46,16
2016-06-13,6,18,22,24,26,30,36
2016-06-09,12,21,27,28,35,43,47
2016-06-06,2,7,12,19,29,36,20
2016-06-02,1,15,23,25,33,42,44
2016-05-30,8,12,24,33,35,39,22
2016-05-26,7,15,19,31,32,40,47
2016-05-23,7,12,20,24,30,31,43
2016-05-19,2,17,19,23,32,49,33
2016-05-16,1,10,24,26,36,47,4
2016-05-12,1,4,23,40,46,48,34
2016-05-09,1,12,26,29,39,49,42
2016-05-05,9,20,23,46,48,49,42
2016-05-02,6,7,8,9,14,19,48
2016-04-28,3,20,26,31,34,40,30
2016-04-25,1,3,4,22,37,41,31
2016-04-21,13,14,19,32,33,48,42
2016-04-18,11,14,21,28,30,39,49
2016-04-14,3,4,19,26,28,34,30
2016-04-11,9,13,16,18,48,49,42
2016-04-07,1,7,30,32,38,46,23
2016-04-04,10,15,22,28,34,38,12
2016-03-31,20,21,22,31,39,46,32
2016-03-28,8,9,15,28,36,39,33
2016-03-24,4,9,28,35,38,44,36
2016-03-21,8,12,20,39,43,47,9
2016-03-17,2,3,20,21,30,33,12
2016-03-14,8,10,24,29,31,33,4
2016-03-10,25,29,32,33,34,49,13
2016-03-07,9,18,30,33,45,47,25
2016-03-03,6,14,24,33,38,41,25
2016-02-29,8,11,15,17,28,47,18
2016-02-25,7,14,17,23,35,49,31
2016-02-22,10,18,22,37,39,40,46
2016-02-19,16,18,20,21,27,49,23
2016-02-15,3,5,29,40,43,49,21
2016-02-11,7,8,17,39,46,49,13
2016-02-08,13,14,16,21,24,42,7
2016-02-04,2,21,26,34,39,49,3
2016-02-01,9,10,11,22,23,32,6
2016-01-28,4,20,22,40,41,48,21
2016-01-25,16,17,19,35,40,48,37
2016-01-21,2,11,23,24,33,44,28
2016-01-18,4,11,40,43,48,49,17
2016-01-14,1,2,4,7,28,41,18
2016-01-11,13,20,22,29,36,37,33
2016-01-07,3,5,6,20,21,45,33
2016-01-04,3,9,18,28,31,46,32
2015-12-31,9,21,23,35,38,41,36
2015-12-28,7,15,16,17,35,47,41
2015-12-24,10,20,21,27,33,46,37
2015-12-21,11,14,18,22,35,43,28
2015-12-17,2,12,17,19,20,33,27
2015-12-14,6,21,25,29,33,40,31
2015-12-10,4,8,11,39,44,46,29
2015-12-07,5,24,26,36,44,49,19
2015-12-03,17,20,34,37,43,48,32
2015-11-30,11,31,35,37,44,46,42
2015-11-26,2,24,34,43,44,46,28
2015-11-23,5,31,36,39,44,46,43
2015-11-19,1,14,19,37,40,47,9
2015-11-16,3,5,18,41,46,48,40
2015-11-12,8,10,11,12,33,41,1
2015-11-09,3,17,36,40,48,49,12
2015-11-05,2,26,27,28,37,47,17
2015-11-02,1,10,18,27,35,48,30
2015-10-29,7,9,18,26,36,46,43
2015-10-26,1,5,22,28,48,49,8
2015-10-22,5,16,22,29,48,49,27
2015-10-19,10,13,27,36,39,45,47
2015-10-15,7,14,23,25,28,33,31
2015-10-12,6,11,17,28,41,48,19
2015-10-08,6,8,15,20,25,45,22
2015-10-05,1,4,7,20,26,28,18
2015-10-01,3,6,15,27,36,41,49
2015-09-28,12,32,35,40,41,47,25
2015-09-24,8,16,25,29,31,40,11
2015-09-21,8,9,10,19,28,33,24
2015-09-17,5,8,20,30,35,49,12
2015-09-14,3,13,14,19,25,31,47
2015-09-10,27,33,38,39,41,47,35
2015-09-07,1,3,12,15,26,31,16
2015-09-03,1,9,10,23,24,32,5
2015-08-31,5,8,9,12,18,48,24
2015-08-27,13,16,19,23,25,48,11
2015-08-24,5,7,8,23,29,33,42
2015-08-20,3,14,19,33,38,41,22
2015-08-17,2,6,20,21,27,36,31
2015-08-13,8,10,12,34,38,48,19
2015-08-10,6,7,8,12,37,45,1
2015-08-06,11,15,20,33,38,40,8
2015-08-03,18,21,23,25,26,41,40
2015-07-30,2,10,13,21,25,49,7
2015-07-27,6,9,40,42,43,46,37
2015-07-23,4,13,18,24,34,37,48
2015-07-20,3,17,25,28,34,46,27
2015-07-16,2,10,30,32,42,48,19
2015-07-13,31,33,34,35,37,42,6
2015-07-09,5,24,33,38,42,44,49
2015-07-06,1,6,9,18,21,35,26
2015-07-02,7,12,13,21,30,32,5
2015-06-29,2,14,15,26,29,31,8
2015-06-25,14,29,36,38,39,41,20
2015-06-22,3,18,22,33,47,49,9
2015-06-18,5,20,28,35,39,46,15
2015-06-15,9,21,26,27,29,48,20
2015-06-11,7,11,13,16,38,46,41
2015-06-08,20,31,35,38,42,49,46
2015-06-04,3,6,8,14,18,41,31
2015-06-01,5,9,14,29,32,36,28
2015-05-28,5,13,20,26,31,38,6
2015-05-25,13,17,19,24,26,43,25
2015-05-21,6,20,22,35,36,41,8
2015-05-18,17,23,32,33,41,45,15
2015-05-14,8,17,19,45,47,48,14
2015-05-11,3,6,7,20,21,23,33
2015-05-07,8,10,17,24,32,43,26
2015-05-04,6,11,17,22,25,36,42
2015-04-30,18,19,28,37,46,48,4
2015-04-27,2,14,30,31,46,47,12
2015-04-23,1,9,15,28,42,45,40
2015-04-20,9,16,17,25,27,36,7
2015-04-16,3,4,18,32,35,48,6
2015-04-13,6,13,31,32,40,43,3
2015-04-09,6,12,21,24,25,43,29
2015-04-06,3,18,21,42,45,49,25
2015-04-02,11,19,22,29,42,46,2
2015-03-30,11,12,30,38,45,47,6
2015-03-26,5,21,30,33,39,47,43
2015-03-23,1,5,14,23,40,49,33
2015-03-19,3,15,26,29,38,45,49
2015-03-16,7,10,19,41,43,45,31
2015-03-12,14,15,19,20,36,47,10
2015-03-09,9,11,38,39,44,47,3
2015-03-05,5,10,11,38,44,47,20
2015-03-02,7,12,24,27,35,44,20
2015-02-27,2,13,19,28,41,42,14
2015-02-23,1,5,14,18,24,26,29
2015-02-19,2,17,22,36,37,45,23
2015-02-16,19,22,33,36,37,46,8
2015-02-12,12,13,26,32,42,47,39
2015-02-09,4,15,22,31,32,36,6
2015-02-05,8,10,25,31,45,48,2
2015-02-02,8,18,20,29,39,41,38
2015-01-29,6,15,38,40,45,49,27
2015-01-26,6,23,24,30,36,46,31
2015-01-22,5,12,26,31,40,47,25
2015-01-19,21,24,25,31,33,36,13
2015-01-15,2,3,9,16,33,37,46
2015-01-12,25,32,41,43,47,48,7
2015-01-08,5,7,9,15,34,38,21
2015-01-05,1,22,27,34,35,37,20
2015-01-01,1,4,18,31,48,49,21
2014-12-29,1,4,27,42,44,47,18
2014-12-25,1,5,15,24,25,42,46
2014-12-22,5,10,19,32,38,44,12
2014-12-18,9,11,13,21,27,30,42
2014-12-15,5,12,16,22,26,46,23
2014-12-11,19,26,33,37,38,40,12
2014-12-08,17,21,28,29,39,47,46
2014-12-04,10,17,24,31,37,40,35
2014-12-01,1,6,7,23,30,45,16
2014-11-27,5,9,18,28,44,49,24
2014-11-24,4,6,14,20,36,43,35
2014-11-20,2,3,5,19,25,36,16
2014-11-17,2,10,11,15,40,46,8
2014-11-13,9,15,17,23,27,49,3
2014-11-10,2,16,19,29,33,42,34
2014-11-06,2,22,24,38,46,47,9
2014-11-03,31,32,38,39,40,47,7
2014-10-30,12,19,26,42,45,46,23
2014-10-27,5,20,27,38,42,44,41
2014-10-23,5,22,25,28,33,34,32
2014-10-20,8,11,17,21,41,49,35
2014-10-16,4,9,31,34,40,44,35
2014-10-13,19,28,31,43,45,48,41
2014-10-09,11,12,25,28,34,47,15
2014-10-06,5,12,13,25,33,34,45
2014-10-02,1,6,26,40,41,45,10
2014-09-29,8,13,21,22,28,37,12
2014-09-25,12,15,21,26,29,36,7
2014-09-22,9,17,18,27,29,36,31
2014-09-18,2,6,10,20,21,23,42
2014-09-15,5,6,14,22,30,39,18
2014-09-11,2,13,18,19,33,36,23
2014-09-08,3,14,22,30,37,42,41
2014-09-04,15,16,17,27,31,42,30
2014-09-01,4,9,32,37,40,44,10
2014-08-28,13,19,20,24,39,43,17
2014-08-25,10,11,14,20,40,42,8
2014-08-21,3,4,16,18,19,42,13
2014-08-18,16,18,19,21,37,39,32
2014-08-14,15,16,19,32,34,44,41
2014-08-11,1,7,9,24,25,31,28
2014-08-07,3,4,8,17,19,33,9
2014-08-04,3,7,18,30,37,44,17
2014-08-01,3,17,37,40,41,42,15
2014-07-28,11,12,16,22,23,27,10
2014-07-24,1,5,16,34,38,45,13
2014-07-21,21,22,25,32,33,36,40
2014-07-17,6,11,20,28,35,38,34
2014-07-14,2,3,6,19,23,24,31
2014-07-10,5,11,16,32,37,43,15
2014-07-07,9,21,29,38,44,45,10
2014-07-03,8,24,26,28,40,43,29
2014-06-30,2,9,11,12,22,37,26
2014-06-26,17,25,29,34,39,44,38
2014-06-23,4,29,30,35,37,38,10
2014-06-19,4,7,11,27,39,43,37
2014-06-16,1,19,22,31,34,44,43
2014-06-12,8,13,29,31,39,40,21
2014-06-09,10,12,14,26,33,40,6
2014-06-05,11,13,18,19,20,36,15
2014-06-02,9,19,23,35,39,45,41
2014-05-29,17,19,38,40,41,42,28
2014-05-26,8,10,14,17,34,37,32
2014-05-23,1,7,13,24,28,38,32
2014-05-19,5,8,18,31,32,42,34
2014-05-15,5,8,21,26,27,43,15
2014-05-12,2,3,9,23,28,43,41
2014-05-08,1,11,18,32,34,41,45
2014-05-05,4,7,15,27,37,42,3
2014-05-01,6,10,11,13,29,45,23
2014-04-28,4,6,13,17,32,35,11
2014-04-24,5,8,20,27,39,40,42
2014-04-21,3,7,10,21,32,38,22
2014-04-17,8,11,16,21,33,40,5
2014-04-14,15,18,21,27,32,45,11
2014-04-10,14,18,19,34,35,36,17
2014-04-07,5,12,20,25,26,39,1
2014-04-03,10,11,17,19,27,37,24
2014-03-31,5,10,11,23,41,43,24
2014-03-27,5,8,9,15,16,21,26
2014-03-24,1,4,10,16,36,42,44
2014-03-20,3,7,11,21,25,33,39
2014-03-17,1,8,14,28,32,38,5
2014-03-13,3,7,20,36,39,45,6
2014-03-10,13,15,21,29,31,33,5
2014-03-06,4,7,8,24,29,42,26
2014-03-03,2,4,18,29,30,44,21
2014-02-27,13,33,37,40,41,44,10
2014-02-24,5,13,15,16,21,28,34
2014-02-20,14,15,20,23,33,44,34
2014-02-17,1,4,5,12,30,45,9
2014-02-14,4,6,12,20,29,35,31
2014-02-10,4,10,15,17,22,31,11
2014-02-06,5,14,22,27,40,43,4
2014-02-03,6,14,22,31,36,44,32
2014-01-30,5,12,20,32,37,38,26
2014-01-27,6,24,27,29,40,43,4
2014-01-24,2,8,11,16,36,43,19
2014-01-20,1,12,27,32,33,36,26
2014-01-16,26,27,34,39,41,45,28
2014-01-13,3,25,33,36,42,45,10
2014-01-09,4,7,8,33,36,43,9
2014-01-06,10,17,27,28,42,45,23
2014-01-03,10,11,31,37,39,43,22
2013-12-30,14,17,27,28,32,36,41
2013-12-26,2,18,20,38,43,44,28
2013-12-23,3,5,9,23,25,31,14
2013-12-19,8,11,15,27,32,43,6
2013-12-16,14,17,25,27,28,40,9
2013-12-12,3,5,23,31,34,39,17
2013-12-09,2,8,15,22,23,25,16
2013-12-05,15,20,23,40,42,44,22
2013-12-02,1,13,16,22,27,33,38
2013-11-28,15,20,21,28,35,43,39
2013-11-25,4,17,24,28,41,42,43
2013-11-21,8,9,12,18,22,32,6
2013-11-18,5,7,13,19,22,45,18
2013-11-14,1,5,9,28,30,39,16
2013-11-11,8,13,16,26,29,42,40
2013-11-07,4,16,18,24,28,29,45
2013-11-04,15,21,24,34,37,44,29
2013-10-31,2,6,10,27,31,34,20
2013-10-28,1,11,22,28,31,32,8
2013-10-24,1,16,31,38,39,45,8
2013-10-21,2,7,11,19,42,45,3
2013-10-17,12,16,28,30,31,42,36
2013-10-14,1,6,11,23,37,44,19
2013-10-10,12,13,17,25,34,44,29
2013-10-07,8,22,32,36,39,44,4
2013-10-03,2,19,21,24,25,41,29
2013-09-30,4,12,25,26,36,40,39
2013-09-26,6,14,15,27,31,32,16
2013-09-23,1,16,18,21,36,41,7
2013-09-19,3,7,9,14,19,35,20
2013-09-16,1,11,13,15,21,22,33
2013-09-12,2,5,9,17,31,44,4
2013-09-09,6,8,23,28,41,44,24
2013-09-05,8,19,20,27,41,45,21
2013-09-02,7,21,29,31,41,45,9
2013-08-29,7,8,13,14,28,44,16
2013-08-26,4,7,11,22,29,38,6
2013-08-22,15,16,30,34,38,42,1
2013-08-19,14,19,26,30,41,45,38
2013-08-15,6,7,19,26,31,33,35
2013-08-12,10,12,14,28,36,40,34
2013-08-08,18,25,27,33,42,43,23
2013-08-05,1,11,24,31,32,36,38
2013-08-02,9,26,33,36,38,42,1
2013-07-29,9,12,22,23,31,37,17
2013-07-25,1,11,25,39,41,44,2
2013-07-22,15,19,23,31,40,45,34
2013-07-18,6,25,28,43,44,45,42
2013-07-15,10,11,19,22,34,45,31
2013-07-11,9,10,14,15,18,42,31
2013-07-08,9,14,18,20,32,34,45
2013-07-04,7,23,27,35,41,43,29
2013-07-01,2,12,15,28,35,38,41
2013-06-27,12,19,21,22,26,29,39
2013-06-24,15,17,32,36,37,42,44
2013-06-20,4,5,11,26,37,45,39
2013-06-17,5,16,30,32,33,41,14
2013-06-13,7,11,25,36,37,38,35
2013-06-10,11,13,23,29,31,38,21
2013-06-06,11,14,16,30,32,34,19
2013-06-03,2,16,18,19,25,38,23
2013-05-30,4,9,26,27,37,44,12
2013-05-27,9,13,18,19,23,28,1
2013-05-23,7,13,17,19,20,26,5
2013-05-20,1,7,10,23,25,35,18
2013-05-17,8,14,22,30,34,41,1
2013-05-13,1,5,7,24,27,45,3
2013-05-09,2,12,22,24,31,34,10
2013-05-06,4,9,14,19,22,34,35
2013-05-02,1,12,20,22,31,43,27
2013-04-29,4,15,17,19,22,23,26
2013-04-25,3,12,17,27,28,43,45
2013-04-22,6,11,22,31,36,41,5
2013-04-18,1,11,13,24,26,44,5
2013-04-15,10,26,27,32,38,42,11
2013-04-11,2,3,15,27,41,45,17
2013-04-08,12,20,28,31,32,40,27
2013-04-04,16,19,22,27,36,39,12
2013-04-01,8,10,15,21,28,40,26
2013-03-28,24,30,33,35,37,38,17
2013-03-25,22,23,38,41,44,45,39
2013-03-21,3,31,35,36,38,45,29
2013-03-18,2,6,8,23,27,39,4
2013-03-14,8,9,13,16,22,43,24
2013-03-11,2,3,14,15,33,40,45
2013-03-07,16,20,22,25,26,27,18
2013-03-04,1,11,14,20,23,36,27
2013-02-28,1,10,15,34,38,41,25
2013-02-25,5,6,10,21,26,37,1
2013-02-22,16,18,23,25,29,34,26
2013-02-18,4,8,14,24,31,35,45
2013-02-14,6,25,28,31,38,44,23
2013-02-11,1,4,15,18,33,42,38
2013-02-08,8,10,11,25,27,43,2
2013-02-04,7,9,16,24,39,40,18
2013-01-31,3,5,36,37,42,43,17
2013-01-28,22,23,27,29,32,38,16
2013-01-24,11,20,24,38,39,44,17
2013-01-21,3,4,6,29,33,35,41
2013-01-17,7,10,24,26,27,31,20
2013-01-14,13,23,30,36,40,43,41
2013-01-10,4,21,26,38,41,43,16
2013-01-07,11,12,16,22,26,38,31
2013-01-03,19,30,35,42,44,45,1
2012-12-31,4,14,25,34,42,45,17
2012-12-27,17,20,22,30,36,37,16
2012-12-24,7,10,11,12,16,42,8
2012-12-20,18,22,25,26,42,44,5
2012-12-17,9,20,24,26,40,44,22
2012-12-13,8,12,15,26,33,42,2
2012-12-10,15,19,24,29,31,42,3
2012-12-06,3,6,10,13,23,27,17
2012-12-03,14,22,27,31,33,34,1
2012-11-29,4,7,9,10,23,30,42
2012-11-26,2,12,17,29,34,39,23
2012-11-22,1,3,13,22,24,42,41
2012-11-19,11,15,22,30,32,33,19
2012-11-15,13,20,21,30,40,42,29
2012-11-12,9,14,18,19,25,33,32
2012-11-08,3,7,19,38,41,43,12
2012-11-05,4,9,13,17,20,29,40
2012-11-01,10,13,15,27,34,41,31
2012-10-29,14,15,21,24,25,36,42
2012-10-25,9,17,21,28,37,40,30
2012-10-22,12,14,18,23,28,41,1
2012-10-18,2,5,22,26,34,36,6
2012-10-15,1,17,31,37,38,45,26
2012-10-11,5,6,22,25,27,33,17
2012-10-08,11,14,17,18,27,32,35
2012-10-04,6,13,30,33,38,41,43
2012-10-01,3,7,8,16,21,24,26
2012-09-27,9,11,30,38,39,43,40
2012-09-24,5,7,10,34,36,37,32
2012-09-20,13,20,22,25,33,37,41
2012-09-17,8,21,32,35,39,43,18
2012-09-13,3,14,17,22,31,44,9
2012-09-10,5,8,12,27,35,39,17
2012-09-06,4,7,9,11,21,45,27
2012-09-03,6,23,31,35,37,39,8
2012-08-30,7,30,37,42,44,45,31
2012-08-27,7,9,10,19,22,42,32
2012-08-23,6,22,24,25,31,37,29
2012-08-20,10,20,26,28,41,44,15
2012-08-16,4,11,17,22,26,32,10
2012-08-13,20,27,32,40,41,44,22
2012-08-09,1,4,6,12,25,41,16
2012-08-06,10,15,22,28,30,40,25
2012-08-02,4,8,12,15,23,27,26
2012-07-30,11,28,32,37,43,45,13
2012-07-26,1,8,22,25,32,36,34
2012-07-23,1,4,21,23,39,44,42
2012-07-20,4,31,33,37,39,45,41
2012-07-16,5,12,17,18,33,40,15
2012-07-12,2,3,19,21,23,45,25
2012-07-09,9,16,22,26,33,45,43
2012-07-05,29,33,34,37,42,44,17
2012-07-02,7,10,12,29,35,38,8
2012-06-28,12,15,16,21,25,26,8
2012-06-25,8,18,19,30,31,38,14
2012-06-21,6,8,10,14,18,21,43
2012-06-18,1,2,8,9,16,33,12
2012-06-14,16,17,25,27,28,35,45
2012-06-11,1,3,9,11,35,38,6
2012-06-07,5,8,19,20,23,30,16
2012-06-04,11,12,17,20,40,41,10
2012-05-31,7,13,15,19,38,43,14
2012-05-28,5,8,17,22,35,43,1
2012-05-24,13,22,30,31,34,38,6
2012-05-21,4,7,27,34,36,42,11
2012-05-18,9,17,18,32,33,44,4
2012-05-14,8,14,22,24,29,41,43
2012-05-10,8,9,11,20,22,38,5
2012-05-07,8,12,28,29,32,42,24
2012-05-03,2,3,9,13,14,39,8
2012-04-30,5,15,29,36,37,45,25
2012-04-26,4,9,14,26,30,43,12
2012-04-23,1,9,10,15,17,34,19
2012-04-19,9,15,18,21,26,30,39
2012-04-16,1,11,27,37,43,44,12
2012-04-12,22,31,34,36,38,39,43
2012-04-09,1,2,19,24,42,45,32
2012-04-05,12,13,17,36,43,44,41
2012-04-02,1,18,21,31,42,44,28
2012-03-29,1,19,33,36,37,40,5
2012-03-26,2,4,5,15,30,40,1
2012-03-22,7,12,21,34,39,42,14
2012-03-19,6,8,13,19,23,29,44
2012-03-15,2,8,15,21,27,35,7
2012-03-12,1,11,20,25,26,36,33
2012-03-08,5,11,38,39,41,45,1
2012-03-05,8,13,17,25,27,29,11
2012-03-01,11,12,17,23,30,31,41
2012-02-27,9,14,17,32,33,45,7
2012-02-23,12,20,25,38,43,44,15
2012-02-20,2,17,20,33,36,37,42
2012-02-16,12,13,20,21,24,35,30
2012-02-13,4,7,9,17,18,23,33
2012-02-09,8,9,12,31,44,45,23
2012-02-06,3,4,5,9,24,29,7
2012-02-03,3,19,21,27,33,34,8
2012-01-30,14,17,32,33,38,41,27
2012-01-26,4,5,15,16,34,40,14
2012-01-23,5,15,17,29,31,33,32
2012-01-20,7,18,26,41,43,44,45
2012-01-16,14,27,28,29,36,40,19
2012-01-12,4,16,18,22,23,43,25
2012-01-09,9,12,21,22,28,43,33
2012-01-05,5,7,15,24,27,33,45
2012-01-02,3,20,30,36,37,43,22
2011-12-29,13,17,21,22,24,45,26
2011-12-26,1,3,13,36,41,42,37
2011-12-22,7,9,26,33,39,40,30
2011-12-19,3,10,37,38,40,41,21
2011-12-15,4,6,15,16,20,36,35
2011-12-12,2,10,20,28,33,35,16
2011-12-08,3,5,7,17,41,45,30
2011-12-05,4,10,21,22,27,32,44
2011-12-01,5,7,27,36,38,44,15
2011-11-28,7,19,20,24,33,36,6
2011-11-24,13,20,32,41,43,44,21
2011-11-21,6,13,17,26,36,39,7
2011-11-17,12,19,23,30,36,41,10
2011-11-14,1,4,11,34,35,43,41
2011-11-10,11,18,27,30,34,44,12
2011-11-07,12,13,19,20,27,28,40
2011-11-03,8,12,24,39,40,41,23
2011-10-31,4,7,18,23,24,35,33
2011-10-27,12,18,27,28,32,42,26
2011-10-24,4,24,27,37,40,42,22
2011-10-20,5,7,21,35,38,45,24
2011-10-17,9,23,24,28,31,33,20
2011-10-13,16,20,21,28,32,36,26
2011-10-10,5,11,15,19,34,35,41
2011-10-06,1,13,19,21,23,37,10
2011-10-03,1,18,31,32,36,43,16
2011-09-29,7,11,12,16,34,41,38
2011-09-26,8,15,17,21,33,37,18
2011-09-22,2,11,21,36,37,44,24
2011-09-19,2,9,13,17,29,44,27
2011-09-15,7,8,15,23,27,36,16
2011-09-12,6,9,17,20,24,26,28
2011-09-09,2,5,14,24,28,36,18
2011-09-05,1,6,18,27,29,44,3
2011-09-01,3,13,17,28,44,45,9
2011-08-29,10,11,12,16,36,38,39
2011-08-25,1,5,7,10,22,26,15
2011-08-22,2,25,34,35,37,43,8
2011-08-18,3,7,18,26,29,30,43
2011-08-15,3,7,27,30,41,45,9
2011-08-11,1,13,22,23,24,36,12
2011-08-08,1,6,8,29,31,36,26
2011-08-04,1,13,26,34,42,45,7
2011-08-01,17,20,21,22,24,30,16
2011-07-28,4,9,16,23,33,38,39
2011-07-25,11,20,23,32,39,42,19
2011-07-22,11,12,17,25,27,32,42
2011-07-18,6,14,19,20,28,39,16
2011-07-14,9,10,17,23,29,45,15
2011-07-11,4,9,18,19,41,44,23
2011-07-07,35,36,40,41,43,44,32
2011-07-04,11,13,19,33,37,42,17
2011-06-30,4,17,30,39,43,45,19
2011-06-27,10,13,18,27,33,44,38
2011-06-23,3,4,7,17,21,39,12
2011-06-20,2,11,14,22,32,40,42
2011-06-16,10,17,29,30,40,42,26
2011-06-13,17,18,24,27,41,43,12
2011-06-09,8,9,17,28,29,31,26
2011-06-06,2,8,13,21,28,37,24
2011-06-02,1,2,3,15,31,42,10
2011-05-30,14,17,19,28,37,44,7
2011-05-26,2,5,6,14,40,44,28
2011-05-23,1,12,14,21,26,37,17
2011-05-19,6,22,23,26,27,31,3
2011-05-16,16,18,22,27,35,36,11
2011-05-12,7,19,23,26,29,31,38
2011-05-09,6,14,16,19,39,42,26
2011-05-05,10,26,29,34,35,41,22
2011-05-02,3,12,15,28,29,41,4
2011-04-28,12,13,16,21,28,39,2
2011-04-25,2,21,23,25,27,44,43
2011-04-21,24,25,32,38,39,43,2
2011-04-18,2,7,10,16,29,32,18
2011-04-14,6,10,17,29,33,44,9
2011-04-11,9,15,27,28,30,40,12
2011-04-07,16,22,23,25,28,43,37
2011-04-04,3,4,9,22,35,45,44
2011-03-31,3,9,13,14,27,34,7
2011-03-28,11,16,23,29,30,35,40
2011-03-24,7,17,23,24,26,28,18
2011-03-21,7,29,31,32,38,45,3
2011-03-17,2,5,22,29,33,36,4
2011-03-14,22,23,24,32,35,38,2
2011-03-10,8,19,22,24,39,40,2
2011-03-07,16,17,19,28,36,41,8
2011-03-03,1,6,10,31,32,45,43
2011-02-28,8,9,11,30,41,43,36
2011-02-24,7,10,13,17,36,45,16
2011-02-21,6,7,16,20,28,30,26
2011-02-18,18,20,27,34,35,41,1
2011-02-14,1,13,16,30,38,39,24
2011-02-10,6,9,18,26,37,38,8
2011-02-07,3,4,12,24,26,44,1
2011-02-03,2,4,13,24,26,39,14
2011-01-31,6,9,19,22,39,43,27
2011-01-28,5,17,18,20,24,38,7
2011-01-24,9,15,23,28,32,40,41
2011-01-20,11,14,15,23,24,28,2
2011-01-17,17,22,32,36,41,45,4
2011-01-13,6,7,23,34,36,41,10
2011-01-10,4,9,20,27,28,29,16
2011-01-06,9,12,25,30,31,34,27
2011-01-03,5,6,18,21,23,30,37
2010-12-30,6,10,15,21,22,32,30
2010-12-27,4,7,9,11,14,20,16
2010-12-23,10,11,15,21,39,44,38
2010-12-20,6,13,20,30,31,32,5
2010-12-16,6,30,35,36,41,45,26
2010-12-13,6,12,17,27,34,43,9
2010-12-09,11,26,30,32,41,43,40
2010-12-06,1,6,11,20,24,34,2
2010-12-02,4,7,24,25,35,36,13
2010-11-29,11,13,17,23,39,40,4
2010-11-25,9,11,14,23,33,35,15
2010-11-22,8,12,13,21,27,38,45
2010-11-18,3,7,10,31,36,43,25
2010-11-15,3,8,29,32,35,39,24
2010-11-11,10,20,27,34,39,45,25
2010-11-08,13,17,18,20,34,39,14
2010-11-04,6,9,11,17,41,43,27
2010-11-01,18,19,21,27,30,34,37
2010-10-28,2,13,22,32,33,38,1
2010-10-25,2,7,9,18,31,45,4
2010-10-21,7,15,17,18,25,27,2
2010-10-18,3,9,11,28,36,42,10
2010-10-14,8,14,25,31,40,41,29
2010-10-11,2,5,18,23,24,36,17
2010-10-07,9,17,22,23,35,41,44
2010-10-04,7,10,13,16,18,19,35
2010-09-30,8,16,17,25,26,43,45
2010-09-27,1,16,32,34,35,42,22
2010-09-23,1,3,11,13,19,37,29
2010-09-20,10,23,28,34,38,42,32
2010-09-16,1,3,17,24,29,45,8
2010-09-13,3,6,15,25,28,43,44
2010-09-09,2,18,21,22,32,40,34
2010-09-06,7,12,13,22,28,29,16
2010-09-02,7,12,17,18,25,27,1
2010-08-30,12,16,21,29,34,40,38
2010-08-26,3,28,32,34,43,45,37
2010-08-23,7,9,29,37,40,43,11
2010-08-19,8,19,30,31,33,43,32
2010-08-16,4,12,13,15,29,43,41
2010-08-12,5,12,23,26,29,31,19
2010-08-09,11,15,16,36,38,43,40
2010-08-05,6,10,12,22,23,40,25
2010-08-02,2,4,7,10,29,43,25
2010-07-29,6,7,11,23,42,44,38
2010-07-26,7,9,21,28,30,41,37
2010-07-23,12,14,16,23,29,40,21
2010-07-19,3,4,5,10,19,35,9
2010-07-15,10,17,20,23,25,31,33
2010-07-12,3,4,14,18,26,42,33
2010-07-08,3,6,9,23,38,39,14
2010-07-05,7,10,29,30,34,41,17
2010-07-01,14,22,25,36,43,44,29
2010-06-28,5,8,17,27,32,34,22
2010-06-24,2,4,13,22,25,39,1
2010-06-21,10,14,16,19,37,41,1
2010-06-17,13,14,15,20,38,45,35
2010-06-14,7,13,14,15,18,44,28
2010-06-10,20,31,35,40,43,44,17
2010-06-07,1,8,13,17,22,33,25
2010-06-03,18,24,26,30,32,33,3
2010-05-31,6,7,9,12,13,44,28
2010-05-27,1,5,11,12,33,38,20
2010-05-24,8,19,22,23,28,33,13
2010-05-20,8,12,27,31,36,40,30
2010-05-17,6,16,22,23,31,33,20
2010-05-14,5,12,23,37,38,43,41
2010-05-10,1,12,16,18,34,36,41
2010-05-06,4,8,33,42,44,45,19
2010-05-03,1,6,19,25,42,45,8
2010-04-29,12,20,23,30,31,41,38
2010-04-26,7,14,23,32,36,44,31
2010-04-22,9,26,30,31,35,43,45
2010-04-19,9,23,32,38,39,43,1
2010-04-15,12,13,23,26,38,43,25
2010-04-12,5,10,28,33,36,39,16
2010-04-08,5,9,14,22,24,29,26
2010-04-05,9,13,21,31,37,39,3
2010-04-01,4,5,6,18,28,30,21
2010-03-29,2,18,30,41,43,44,14
2010-03-25,10,13,24,29,33,42,31
2010-03-22,9,12,16,23,29,31,10
2010-03-18,1,4,6,30,31,32,8
2010-03-15,7,28,31,32,39,42,9
2010-03-11,6,10,11,13,15,42,33
2010-03-08,3,13,21,22,24,36,40
2010-03-04,4,14,23,27,43,45,24
2010-03-01,23,25,27,31,40,42,20
2010-02-26,4,17,22,26,34,37,43
2010-02-22,9,18,25,37,40,43,30
2010-02-18,6,9,29,30,31,37,26
2010-02-15,4,24,28,29,35,42,34
2010-02-11,1,2,14,31,42,43,3
2010-02-08,9,14,15,27,29,32,12
2010-02-04,24,28,29,32,39,44,12
2010-02-01,3,5,15,23,32,42,30
2010-01-28,6,8,11,18,21,30,41
2010-01-25,1,8,14,17,36,42,15
2010-01-21,15,17,20,38,39,44,6
2010-01-18,1,16,22,24,25,36,13
2010-01-14,3,26,31,34,36,41,42
2010-01-11,6,26,29,30,39,41,12
2010-01-07,5,6,22,34,42,45,35
2010-01-04,11,16,20,27,30,41,26
2009-12-31,7,8,35,36,39,44,37
2009-12-28,9,24,33,36,37,40,44
2009-12-24,5,9,11,26,27,29,2
2009-12-21,4,8,16,17,38,42,12
2009-12-17,3,7,11,31,34,41,22
2009-12-14,2,8,14,20,21,37,3
2009-12-10,8,10,13,21,25,45,26
2009-12-07,4,13,22,27,39,45,21
2009-12-03,1,8,10,12,13,14,15
2009-11-30,1,17,22,35,44,45,36
2009-11-26,5,11,12,17,20,30,43
2009-11-23,1,20,21,22,29,30,38
2009-11-19,10,22,33,37,44,45,15
2009-11-16,20,24,31,33,34,41,25
2009-11-12,16,20,26,29,40,41,18
2009-11-09,6,7,18,28,32,35,42
2009-11-05,5,13,23,25,27,37,4
2009-11-02,16,22,23,31,37,39,18
2009-10-29,1,6,25,28,29,32,24
2009-10-26,2,19,23,28,29,32,25
2009-10-22,13,31,34,35,40,43,1
2009-10-19,5,21,22,34,36,41,9
2009-10-15,7,22,23,36,37,45,31
2009-10-12,1,16,20,22,27,31,38
2009-10-08,11,13,18,21,30,31,34
2009-10-05,10,14,21,30,39,44,8
2009-10-01,7,10,31,33,43,45,22
2009-09-28,4,6,16,21,40,45,10
2009-09-25,2,4,22,29,31,39,37
2009-09-21,3,8,12,19,34,40,22
2009-09-17,1,8,10,29,36,38,34
2009-09-14,2,10,12,18,21,39,35
2009-09-10,2,25,29,36,37,40,19
2009-09-07,1,5,15,33,34,37,28
2009-09-03,2,6,25,30,31,33,44
2009-08-31,2,10,17,27,40,42,11
2009-08-27,6,7,9,19,32,41,8
2009-08-24,6,7,8,10,12,13,26
2009-08-20,3,10,12,13,16,29,17
2009-08-17,1,13,22,29,43,45,17
2009-08-13,1,23,37,38,39,42,40
2009-08-10,15,20,22,23,29,33,28
2009-08-06,1,6,7,8,19,31,33
2009-08-03,11,21,23,31,33,44,6
2009-07-30,1,8,12,22,24,35,45
2009-07-27,4,11,32,36,39,42,12
2009-07-23,15,24,25,32,33,44,29
2009-07-20,12,26,28,37,38,39,1
2009-07-16,10,20,30,31,39,45,6
2009-07-13,25,26,32,36,42,43,3
2009-07-09,11,13,21,32,35,44,18
